
============================================================
n=8 sweep started at 2026-03-08 01:17:16
============================================================

Multiset (2, 2, 2, 4, 3, 3, 3, 3) (single-quaternary, product 2592), product=2592, 35 orientations
------------------------------------------------------------

  [1/35] 2,2,2,3,3,3,3,4
  screened=0 survivors=0 elapsed=600.0s dead

  [2/35] 2,2,2,3,3,3,4,3
  screened=56688 survivors=0 elapsed=600.0s dead

  [3/35] 2,2,2,3,3,4,3,3
  screened=0 survivors=0 elapsed=600.0s dead

  [4/35] 2,2,2,3,4,3,3,3
  screened=36408 survivors=0 elapsed=600.0s dead

  [5/35] 2,2,2,4,3,3,3,3
  screened=40879 survivors=0 elapsed=600.0s dead

  [6/35] 2,2,3,2,3,3,3,4
  screened=0 survivors=0 elapsed=600.0s dead

  [7/35] 2,2,3,2,3,3,4,3
  screened=0 survivors=0 elapsed=600.0s dead

  [8/35] 2,2,3,2,3,4,3,3
  screened=20 survivors=20 elapsed=2.6s dead

  [9/35] 2,2,3,2,4,3,3,3
  screened=27467 survivors=0 elapsed=600.0s dead

  [10/35] 2,2,3,3,2,3,3,4
  screened=14154 survivors=0 elapsed=600.0s dead

  [11/35] 2,2,3,3,2,3,4,3
  screened=15994 survivors=0 elapsed=600.0s dead

  [12/35] 2,2,3,3,2,4,3,3
  screened=11613 survivors=0 elapsed=600.0s dead

  [13/35] 2,2,3,3,3,2,3,4
  screened=0 survivors=0 elapsed=600.0s dead

  [14/35] 2,2,3,3,3,2,4,3
  screened=0 survivors=0 elapsed=600.0s dead

  [15/35] 2,2,3,3,3,3,2,4
  screened=10823 survivors=0 elapsed=600.0s dead

  [16/35] 2,2,3,3,3,4,2,3
  screened=10796 survivors=0 elapsed=600.0s dead

  [17/35] 2,2,3,3,4,2,3,3
  screened=10053 survivors=0 elapsed=600.0s dead

  [18/35] 2,2,3,3,4,3,2,3
  screened=0 survivors=0 elapsed=600.0s dead

  [19/35] 2,2,3,4,2,3,3,3
  screened=56739 survivors=0 elapsed=600.0s dead

  [20/35] 2,2,3,4,3,2,3,3
  screened=53699 survivors=0 elapsed=600.0s dead

  [21/35] 2,2,3,4,3,3,2,3
  screened=277 survivors=5 elapsed=16.6s WITNESS FOUND!
  WITNESS: state_counts=(2, 2, 3, 4, 3, 3, 2, 3)
    P0: {(0, 0, 0): 1, (0, 0, 1): 0, (0, 1, 0): 1, (0, 1, 1): 1, (1, 0, 0): 0, (1, 0, 1): 0, (1, 1, 0): 1, (1, 1, 1): 1, (2, 0, 0): 0, (2, 0, 1): 0, (2, 1, 0): 0, (2, 1, 1): 0}
    P1: {(0, 0, 0): 0, (0, 0, 1): 0, (0, 0, 2): 0, (0, 1, 0): 0, (0, 1, 1): 0, (0, 1, 2): 0, (1, 0, 0): 1, (1, 0, 1): 0, (1, 0, 2): 0, (1, 1, 0): 1, (1, 1, 1): 0, (1, 1, 2): 1}
    P2: {(0, 0, 0): 0, (0, 0, 1): 1, (0, 0, 2): 0, (0, 0, 3): 0, (0, 1, 0): 2, (0, 1, 1): 1, (0, 1, 2): 0, (0, 1, 3): 0, (0, 2, 0): 2, (0, 2, 1): 1, (0, 2, 2): 2, (0, 2, 3): 1, (1, 0, 0): 1, (1, 0, 1): 0, (1, 0, 2): 2, (1, 0, 3): 0, (1, 1, 0): 1, (1, 1, 1): 0, (1, 1, 2): 2, (1, 1, 3): 0, (1, 2, 0): 2, (1, 2, 1): 0, (1, 2, 2): 2, (1, 2, 3): 0}
    P3: {(0, 0, 0): 0, (0, 0, 1): 0, (0, 0, 2): 3, (0, 1, 0): 3, (0, 1, 1): 1, (0, 1, 2): 1, (0, 2, 0): 2, (0, 2, 1): 0, (0, 2, 2): 0, (0, 3, 0): 3, (0, 3, 1): 0, (0, 3, 2): 1, (1, 0, 0): 0, (1, 0, 1): 0, (1, 0, 2): 0, (1, 1, 0): 2, (1, 1, 1): 3, (1, 1, 2): 0, (1, 2, 0): 2, (1, 2, 1): 0, (1, 2, 2): 0, (1, 3, 0): 0, (1, 3, 1): 3, (1, 3, 2): 0, (2, 0, 0): 1, (2, 0, 1): 2, (2, 0, 2): 0, (2, 1, 0): 1, (2, 1, 1): 0, (2, 1, 2): 0, (2, 2, 0): 0, (2, 2, 1): 2, (2, 2, 2): 2, (2, 3, 0): 0, (2, 3, 1): 0, (2, 3, 2): 1}
    P4: {(0, 0, 0): 0, (0, 0, 1): 0, (0, 0, 2): 0, (0, 1, 0): 1, (0, 1, 1): 0, (0, 1, 2): 0, (0, 2, 0): 0, (0, 2, 1): 0, (0, 2, 2): 0, (1, 0, 0): 0, (1, 0, 1): 0, (1, 0, 2): 0, (1, 1, 0): 0, (1, 1, 1): 1, (1, 1, 2): 1, (1, 2, 0): 0, (1, 2, 1): 1, (1, 2, 2): 1, (2, 0, 0): 0, (2, 0, 1): 0, (2, 0, 2): 0, (2, 1, 0): 2, (2, 1, 1): 0, (2, 1, 2): 0, (2, 2, 0): 2, (2, 2, 1): 0, (2, 2, 2): 0, (3, 0, 0): 1, (3, 0, 1): 2, (3, 0, 2): 0, (3, 1, 0): 1, (3, 1, 1): 1, (3, 1, 2): 1, (3, 2, 0): 0, (3, 2, 1): 2, (3, 2, 2): 0}
    P5: {(0, 0, 0): 0, (0, 0, 1): 0, (0, 1, 0): 1, (0, 1, 1): 0, (0, 2, 0): 0, (0, 2, 1): 0, (1, 0, 0): 0, (1, 0, 1): 0, (1, 1, 0): 2, (1, 1, 1): 0, (1, 2, 0): 2, (1, 2, 1): 2, (2, 0, 0): 1, (2, 0, 1): 0, (2, 1, 0): 1, (2, 1, 1): 1, (2, 2, 0): 0, (2, 2, 1): 0}
    P6: {(0, 0, 0): 0, (0, 0, 1): 0, (0, 0, 2): 1, (0, 1, 0): 0, (0, 1, 1): 0, (0, 1, 2): 1, (1, 0, 0): 0, (1, 0, 1): 0, (1, 0, 2): 1, (1, 1, 0): 0, (1, 1, 1): 1, (1, 1, 2): 1, (2, 0, 0): 1, (2, 0, 1): 0, (2, 0, 2): 0, (2, 1, 0): 1, (2, 1, 1): 0, (2, 1, 2): 0}
    P7: {(0, 0, 0): 0, (0, 0, 1): 0, (0, 1, 0): 0, (0, 1, 1): 2, (0, 2, 0): 2, (0, 2, 1): 2, (1, 0, 0): 0, (1, 0, 1): 1, (1, 1, 0): 1, (1, 1, 1): 1, (1, 2, 0): 1, (1, 2, 1): 2}

Multiset (2, 2, 2, 4, 3, 3, 3, 3): WITNESS FOUND

Stopping — witness found.
