ms=[2, 2, 2, 3, 4]
product=96
cycle_length=18
good_cycle=[(0, 0, 0, 0, 0), (1, 0, 0, 0, 0), (1, 1, 0, 0, 0), (1, 1, 1, 0, 0), (1, 1, 1, 1, 0), (1, 1, 1, 1, 1), (0, 1, 1, 1, 1), (0, 0, 1, 1, 1), (0, 0, 0, 1, 1), (0, 0, 0, 2, 1), (0, 0, 1, 2, 1), (0, 0, 1, 0, 1), (0, 0, 1, 0, 2), (0, 0, 1, 2, 2), (0, 0, 1, 2, 3), (0, 0, 1, 1, 3), (0, 0, 0, 1, 3), (0, 0, 0, 0, 3)]

f[0](0,0,0) = 1
f[0](0,0,1) = 0
f[0](0,1,0) = 1
f[0](0,1,1) = 1
f[0](1,0,0) = 0
f[0](1,0,1) = 0
f[0](1,1,0) = 0
f[0](1,1,1) = 0
f[0](2,0,0) = 0
f[0](2,0,1) = 0
f[0](2,1,0) = 0
f[0](2,1,1) = 0
f[0](3,0,0) = 0
f[0](3,0,1) = 0
f[0](3,1,0) = 0
f[0](3,1,1) = 0
f[1](0,0,0) = 0
f[1](0,0,1) = 0
f[1](0,1,0) = 0
f[1](0,1,1) = 0
f[1](1,0,0) = 1
f[1](1,0,1) = 1
f[1](1,1,0) = 1
f[1](1,1,1) = 1
f[2](0,0,0) = 0
f[2](0,0,1) = 0
f[2](0,0,2) = 1
f[2](0,1,0) = 1
f[2](0,1,1) = 0
f[2](0,1,2) = 1
f[2](1,0,0) = 1
f[2](1,0,1) = 0
f[2](1,0,2) = 0
f[2](1,1,0) = 1
f[2](1,1,1) = 1
f[2](1,1,2) = 0
f[3](0,0,0) = 0
f[3](0,0,1) = 0
f[3](0,0,2) = 1
f[3](0,0,3) = 0
f[3](0,1,0) = 1
f[3](0,1,1) = 2
f[3](0,1,2) = 1
f[3](0,1,3) = 0
f[3](0,2,0) = 0
f[3](0,2,1) = 2
f[3](0,2,2) = 2
f[3](0,2,3) = 2
f[3](1,0,0) = 1
f[3](1,0,1) = 0
f[3](1,0,2) = 2
f[3](1,0,3) = 0
f[3](1,1,0) = 1
f[3](1,1,1) = 1
f[3](1,1,2) = 1
f[3](1,1,3) = 1
f[3](1,2,0) = 2
f[3](1,2,1) = 0
f[3](1,2,2) = 2
f[3](1,2,3) = 1
f[4](0,0,0) = 0
f[4](0,0,1) = 0
f[4](0,1,0) = 2
f[4](0,1,1) = 1
f[4](0,2,0) = 2
f[4](0,2,1) = 2
f[4](0,3,0) = 0
f[4](0,3,1) = 1
f[4](1,0,0) = 0
f[4](1,0,1) = 1
f[4](1,1,0) = 1
f[4](1,1,1) = 1
f[4](1,2,0) = 1
f[4](1,2,1) = 0
f[4](1,3,0) = 3
f[4](1,3,1) = 0
f[4](2,0,0) = 0
f[4](2,0,1) = 0
f[4](2,1,0) = 1
f[4](2,1,1) = 1
f[4](2,2,0) = 3
f[4](2,2,1) = 0
f[4](2,3,0) = 3
f[4](2,3,1) = 0
